13000	9500
10600	10200
21700	19700
7200	10000
5600	4200
14700	15600
22400	18400
16800	12000
14100	10400
15800	16400
23000	23900
34000	29500
17200	14500
12800	17700
19200	17900
23000	22000
10100	7000
2500	1300
29900	22500
13500	15300
8400	7700
7500	7500
23900	23600
12400	11100
8300	5200
21000	27400
15500	9700
28700	20200
15400	15900
9000	7100
13100	13200
18900	12000
26600	21100
8800	9400
11200	12100
15700	17600
8200	5700
17700	22400
10300	9200
7300	6500
8700	7500
13400	19500
10800	9300
13900	10300
10500	17300
14700	13000
7900	5400
22100	27400
15900	21000
20400	24100
11200	10500
8000	7000
12000	15100
6900	6700
13700	7200
27800	20800
4900	7200
10700	8300
32600	25700
14100	10200	
10200	4400
15800	23700
5700	5700
13500	11300
6300	6800
7600	8500
15500	14100
19600	16700
12300	8200
15500	16400
25400	23100
10500	7400
8900	12100
8900	12100
15800	8900
26300	26100
6100	1400
9900	8400
21200	14900
32400	18000
19500	23800
5900	5600
8200	10300
9100	7000
23800	23300
12200	12200
24300	20100
16200	11400
15300	17900
14200	13900
11400	10700
22700	30100
15800	17800
12400	8100
9400	13800
9400	11400
25600	25400
18800	14300
18500	21300
16000	14000
12400	13300
13500	12000
14100	14200
9400	10500
10100	9700
15600	13400
