9400	13800
26300	26100
21000	27400
23800	23300
34000	29500
23000	22000
22400	18400
8900	12100
8900	12100
16200	11400
18500	21300
24300	20100
12400	13300
10200	4400
14100	10200
10500	17300
5700	5700
8700	7500
8800	9400
29900	22500
6100	1400
14700	15600
12400	11100
12200	12200
11200	12100
9000	7100
27800	20800
8200	5700
13000	9500
10100	9700
21200	14900
10100	7000
7300	6500
15800	17800
13900	10300
8000	7000
12300	8200
10500	7400
15600	13400
19500	23800
10300	9200
13100	13200
32400	18000
15700	17600
14100	14200
8300	5200
12000	15100
15900	21000
15800	16400
19600	16700
23000	23900
13500	15300
14200	13900
11200	10500
17200	14500
5900	5600
26600	21100
10600	10200
12400	8100
9400	10500
13500	11300
7500	7500
13400	19500
5600	4200
28700	20200
13700	7200
23900	23600
15800	8900
7600	8500
9100	7000
15300	17900
15500	9700
22100	27400
14700	13000
9900	8400
15800	23700
7900	5400
18900	12000
17700	22400
25600	25400
25400	23100
9400	11400
15400	15900
10700	8300
32600	25700
6900	6700
7200	10000
16800	12000
14100	10400
22700	30100
21700	19700
15500	16400
10800	9300
20400	24100
18800	14300
15500	14100
16000	14000
13500	12000
8200	10300
2500	1300
19200	17900
11400	10700
7400	6400
16000	11700
13700	13900
17700	17300
10800	8400
19500	26500
22000	15400
12900	10500
8300	10300
10700	10400
7200	7900
15200	16600
19000	22700
7100	5600
7000	7800
10500	15700
35800	35900
17900	14100
16900	21300
14000	10700
21900	19800
9600	6000
4300	6400
17100	13300
15000	15400
10900	11600
8000	8600
25500	22300
17800	14800
14000	11400
18900	15900
16300	8800
17200	15800
14500	4700
16100	12900
11500	10600
14100	16200
30800	20100
30800	20100  
30800	20100  
23200	18300 
8600	11300 
14000	11900 
17600	20700 
10000	10000 
9700	6900 
14300	11800 
9500	7400 
11100	5100 
9900	4700 
4300	1300 
6900	8700 
20200	19200 
11000	10400 
22200	28800 
7800	7700 
7600	7200 
10400	9300 
25500	19600 
19400	20300 
20600	9000 
22100	12500 
13200	7200 
4900	6600 
16100	15600 
19100	18300 
6700	9200 
21100	15600 
16400	17100 
18600	19700 
18600	19700
15700	16000
18100	16500
13100	9400
8500	8700
17300	18200
29100	28700 
18400	16100
9800	7900
11700	19100
15000	13600
12500	14400
